234397670737
1065617412
1016177464
1128638135
149373957185
1113219372
1664687615
1267319939
49672038340
1010479265
1013729832
1331623198
72900666552
1001676447
1049720078
1052969913
28397857759
1125531085
1073228998
1235004933
47864381288
1036421425
1895190251
74657555402
1211722324
1189573038
1068005570
1518062377
87433230783
1036827082
1101898262
1214451177
1226142029
99774578525
162259177167
1258507688
1217233852
1721803077
1111244100
57376845339
1574116136
1039696501
209781762382
1019842047
1025882484
1352653158
3670913550
1382927229
1018013300
5887915293
1017099200
1290863261
1011120006
1268319033
1129181602
1706535484
1158641065
1047245367
1095559046
20842527585
1151616644
123063144674
1032412382
1097586622
1197807147
54600495034
1739323955
1030374391
91284566176
1208913804
161241477081
1423427873
1800675062
1375833137
1088829979
209217158784
1163971736
235455881116
1053891331
87301613832
1243234156
1074401254
1024672227
1262750173
1381514687
1120099881
23737284330
201554487578
1181157077
106962112972
1072202069
235735632668
150262037526
1062349409
111051214674
27747695168
83564086143
141380456685
1225387023
1824860516
1039804468
1137694973
1002579738
1093441083
1019689452
32893404919
175437576931
1214842276
38471990018
1054119810
2688724652
198648627980
1038972273
1739390075
85615225239
1043327863
1807838321
1102876611
1126849301
1161562124
1777846095
1071724435
1317369510
1241031952
1067823121
83942629196
1000339903
1278799042
1077371640
1003792929
210426576010
96777486600
1029057503
1788778964
1725110455
1203349621
1107302304
239426221958
212986650150
80741333463
1277434509
1136178701
1085762984
1755208521
26124361429
1003900071
10023080557
1389291244
1022520445
1124930593
140097893959
1381622328
1749017180
1228935243
1032760968
59907767391
104445441759
1353980721
1086601275
1030209739
1250027852
1052407198
1077768815
1746870647
1100483810
1042174987
1218481775
1208971575
1240511734
174511597096
214797091828
3637966821
1260899767
68957372101
32404842459
1090177051
136598280940
220287969624
1013198421
200181621417
1087960794
1045250272
42086401455
30007788202
215606109698
1216082933
1807005079
1010213177
1705102147
1000958166
133859605860
88074950697
1042081312
1202428446
235998599158
1000833751
1102548165
55619508463
1067451155
1019547178
1011107844
1013698959
30327442469
1078945362
1386552946
1093487471
1231321915
213180484923
1657950735
1045096846
1182298197
1057696465
234556565251
1104789676
1046457270
1334994265
1261537194
88186924832
1260147327
1004738327
1177959849
1066492017
1045137134
1689709996
1117095330
1047741225
1071984825
1378456387
1153674265
1087675658
94926387332
117378564554
1186009338
89724602393
1039939322
79206390286
1276579514
213784097416
1001604682
1091680631
1140519390
119187895024
1266735201
1198609266
1740677279
21181518311
1123694020
1139596807
77318935351
1058114895
1106385834
103798867013
196417691093
1162831234
1120978374
209809476826
1015826312
1135124734
1013078859
25938278642
26243389586
1013814700
88764434583
127560708723
89949623783
1119385644
1040313828
124260289598
1045484363
1732662883
1134826985
1086034794
101419209791
18069606993
42578408182
1376931514
218974071549
1072432761
153272678561
1676007552
1080599766
176299533868
1122858032
1028705527
1124945076
1040250993
1179049803
204225475823
1056396222
3526886323
1089915390
1082364508
1119831968
1084221101
1323776061
114847291998
61948663473
1138173409
1256010306
1322757089
68577522226
145519145649
1004193730
78698673899
1059231340
240187602905
1041332612
71052159978
1180178189
1165426191
1171123124
1072313657
185007908535
221428516897
126548460372
1197890979
1687701936
1007160335
1073627438
1165609214
160302360088
1130762674
95629958321
104421477126
33845655648
239047090802
121451897973
142756307895
1031523523
1018844297
100493331493
82424611421
11535489203
1041564044
1040025854
1106016536
236776270056
1171311677
90093452064
1290437170
1803825703
1726465711
1236202953
1305086043
33920496024
37829998644
242766278588
151969294997
99432903874
231461827596
1216153061
1039999460
231769520257
1044938154
148505923100
1114544087
1059501464
104059948900
1148057153
68284085683
1026931892
103626152772
66921577285
235447864873
173625065492
1094739637
1265823363
171510470160
1000345899
1099635963
1382686474
1061416589
1764780947
1733662553
235594594549
1398910467
1088314095
1699067750
185328894702
1091716672
36544352677
120659265081
171692015849
1770438258
85094954815
1217781055
196935405338
49724037255
106103842093
1256925303
89204366627
45719825865
1022649138
1274659372
1105267235
1104252867
170974433604
230817013547
1068450205
218073564346
230831317836
1114351505
1091159741
1701841705
52386322450
65780993579
112727639494
1236185405
204266565972
42200571518
189887696609
113240606797
148861376734
1368708577
1013946668
80237883662
4970871984
219061721660
1011725681
1141393821
68092894139
1693826814
96520285777
1185871361
52973236856
56679230527
4871817042
1677641459
1002809896
1753751496
29469772692
146446870223
179479731280
1815036129
1771564413
1254441052
237418175195
176088575942
1063711415
103177112779
73342208451
44015226829
197167007605
1056280245
200903081767
69745309368
197034420807
127304392383
1097912505
225334304034
1050340949
89610173306
1069677335
1117005556
22698850099
1159629229
1100017757
52617025701
5403521082
1171443771
234647345287
158500770941
176915481731
1261615993
1020577046
1030115756
225494312669
232985630483
144656510161
32644378553
37319957594
51776861526
1710219530
113857972166
217019528504
25273717096
1119939719
19671378901
14670907869
191314483596
1747413594
18246927656
1386758773
1002275095
1521897701
144162099895
199753143580
179434209093
178303290046
1008389200
148085205173
22294550385
1059692350
1264946451
1277007781
1126795691
1770641981
212469043663
1233619731
103670552412
1031939294
110728833088
1708002086
1404408958
1113978633
13059669770
1067977848
206097060587
1101627183
207513470303
1089543132
23050934480
166055129922
1099223332
230791330732
98215497654
139022341603
56012408172
1301139554
1131847368
1141233392
149182795703
244747820772
1698604254
1016099156
166101282608
1554433878
1794987356
228388265848
190968364535
58083730471
1224526346
1256536973
80155570611
177099730702
21861046572
1764057309
161524114186
1091564613
1155230444
1367540435
1123278100
112582527670
103204585186
1262257562
1087289978
117953605872
62285082397
1145195033
56964773995
1325715742
1693930967
117858943297
1044368594
139446245651
212756672648
1711570229
156595568139
1047251915
90171566334
188423352311
129784207286
60983209997
1351612162
74939045205
103939601034
96195273992
244712949309
1696289627
218975081637
1353594355
151645431594
1931527338
194479580083
1025248550
110059339673
1256690803
151484016042
141941374405
191398108353
89840437148
1129072966
112106173291
66297697856
233478126926
214052643171
158827127966
119197083554
1042570034
1245908776
131985652241
198400466234
108368362035
133731006878
222847466975
166377467691
56119932270
174763411025
1685999674
157284218033
70447453799
1291595335
41906463399
1108757128
19688357516
245141006725
1621221159
1150926251
145211566889
182125832729
179089341482
1059845619
191013329249
245355830177
78573361211
1229213826
1005349035
96779549613
9099269166
50803862414
51866116696
1130166934
1702721420
186843359838
1328811666
79200751181
135308393306
1317199801
207386972706
89336340060
62052554087
97914125654
57478652003
1249385442
77012648308
1003502633
1106030227
227195336555
234850574527
134552439709
5935848956
150142862939
1717821620
57741991725
118431355960
244372168562
155185174011
1086423900
205575167529
53102728015
66234077554
48868654852
1208702167
179082141298
17347620791
31748761911
1288100810
15767335948
154820535900
1497408338
191628991600
167345139405
1031467571
1233918317
17054764184
72541222723
1006808253
85891906146
120640729257
10934349667
60911973433
1675671455
193456571601
43775684638
1771884547
67623579609
1195028001
25833207567
11599997010
240271211123
1071477206
12768133278
190547635242
1458672083
1098046133
232908891150
206147579946
1699554422
1756568453
48364827038
204571436350
123637235445
141365250040
53862328006
1105750360
44262511132
217289168220
137391492602
221761521105
1750975140
1086172662
46117005375
12749680496
207553093748
96733282178
97493274319
193853859916
1720542211
1400074805
79437039828
1256986454
170639609091
2952002578
160980588489
1029738633
224613142290
68135573177
45377872296
113752541031
1738659781
82351309123
1087687280
193539278557
1042544712
1775776713
1019795149
148456648017
1742045642
185985616619
1758202620
149147922328
232513828852
1087757728
160280223677
1069141780
64948725375
45043963691
1094539325
231089620132
3312425161
1102012847
220942304910
1144700151
1197696003
5097924825
67513993787
199204268085
38488667692
1206048741
1120686416
42709731489
155350212215
78667711940
1103241031
125624589608
174293332829
15465060186
1049524069
1316675219
1348095276
13885343877
55036163116
159561874944
138653656095
147539559660
32301460748
1130356378
1107887820
25366798680
23200782286
1041982969
27077154549
76051421652
1127493902
177732919295
92054407347
1012806985
1044181528
1120147510
1066972836
1060369114
195540092429
120641131845
127084008234
242828001314
42586581000
32215852714
1735040569
218936654956
31186815193
1256330917
226469633006
168504764103
1143837629
1346010196
86440883477
1361883321
151940440314
229099337105
1112120378
1258814794
197601406119
25641353340
1690438062
203326581811
1326099661
49541678761
167872684241
1773329445
213940042069
25070494134
1001045297
224991649131
1007246965
191680380710
